"3" "4" "6" "7" "8" "10" "11" "13" "15" "16" "17" "18" "19" "20" "21" "24" "25" "26" "27" "28" "29" "30" "31"
"3" NA -0.00526029372723853 -0.0131159874123618 -0.00382403198132713 -0.00583296802769538 -0.00554893607965613 0.00104269219007953 -0.000985250676032988 0.00819504206010335 -0.00319537405280255 -0.00877118476607207 -0.000596678661653646 -0.000334020919929399 -0.00219046062490858 -0.000149439974261789 -0.00393787216862445 -0.00444671273622317 -0.00690798573936671 -0.00246118946301501 -0.00315751683080291 -0.00718633035025341 -0.00467133917871713 -0.00670061532698409
"4" NA NA -0.00911429207270487 -0.00274230152872065 -0.00446884713346909 -0.00723116940680401 -0.00142224613191399 -0.00444038758587799 0.00653875001829511 -0.0102861793057186 -0.00366348655981251 -0.0105410188976242 -0.0107446548316077 -0.00681018952187349 -0.00597374620794967 -0.00272575749005564 -0.0045537923399871 -0.00565674015648468 -0.00453280263086717 -0.00288428867634055 -0.00768746743613597 -0.00504886331316724 -0.0046183923577175
"6" NA NA NA -0.00228810949245423 -0.00138089214623562 -0.00313728444884752 -0.000817284762252881 -0.00315759957686057 0.00525517790244722 -0.00233286119603988 -0.00565724911035004 -0.00298294379898451 -0.00408963835379985 -0.00382612630096809 -0.00470974083599605 -0.00258452605965008 -0.00423049472158 -0.00489402966050907 -0.00237727182637214 -0.00181604982714262 -0.00570042206710133 -0.0031627584393566 -0.00655920606989955
"7" NA NA NA NA -0.00379279027909554 -0.000669905346786659 0.00057951256758488 -0.00274306064744154 0.00766687823521496 -0.00164332652768707 -0.00108468191288551 -0.00010163098104007 -0.00211375684755255 -0.00609881542937678 -0.00227249989072154 -0.00441603387244174 -0.00325611272491409 -0.00654981636606935 -0.000585305773642148 -0.00291478336995098 -0.00660207138360529 0.000673662948295907 -0.00324177743804529
"8" NA NA NA NA NA -0.000868020758059198 0.000805851175396091 -0.00194190296408183 0.0050987639051488 0.000405839425861327 0.00214435732887588 -0.000610065230811714 0.000418214011591313 -0.00247514194907964 -0.00121809420320148 -0.00247240471584271 -0.00328361527004106 -0.00350824444425885 -0.00515617705825746 0.00254643543004795 -0.0072036832955415 -0.00207115302121068 -0.00453445168323805
"10" NA NA NA NA NA NA -0.00200549181662319 -0.00356932882042527 0.0102615815537771 -0.00217417832219447 -0.00207720986156082 0.000779489925849102 -0.00819127133376279 -0.00161427516145728 -0.00267638747763175 0.000151648562534647 -0.000772444779602229 -0.00477199666283615 -0.00236085591992221 -0.000495422912153805 -0.00610698627675425 -0.00246011714406167 -0.00353189687857333
"11" NA NA NA NA NA NA NA 0.00188476603598511 0.00978560865587914 0.00415308442165501 2.57035109690714e-05 0.00222683706801447 -6.57095962745159e-05 0.00118825241861862 -0.00341659449861709 -0.000293604088957708 -0.00185213039005277 0.000438474536003853 -0.00685820633252136 0.00376244340362914 -0.00212330867327639 -0.00362517951708416 -0.00276389014534416
"13" NA NA NA NA NA NA NA NA 0.00816772059946255 -0.00256373487937795 -0.00112151923606816 -0.000774892627244999 0.000316021212683556 0.000119028594458016 -0.00551404981533467 -0.00292801282289457 -0.00855997475742104 -0.00278261513099211 -0.000496508068314694 0.00192320640522464 -0.00437654603349501 -0.00391240024876308 -0.00728415528858621
"15" NA NA NA NA NA NA NA NA NA 0.00933180179252053 0.0075488733169503 0.00168025951284317 0.00885415920347734 0.00676907089464913 0.00381531925566852 0.00922143364967577 0.0017885853784232 -0.000113239964854055 0.00895890877983108 0.0100460040390877 0.00545425292606051 0.0073538428998327 0.00635781373972681
"16" NA NA NA NA NA NA NA NA NA NA -0.000689154881903772 -0.00110459071648238 -0.00292344626487858 -0.00474775997302073 -0.00351188431663118 -0.00118456935958633 -0.00337893736358846 -0.00409369403229074 1.50027876657484e-05 -0.00431431253768335 -0.0120447545042033 -0.0019819334612602 -0.00235872657375922
"17" NA NA NA NA NA NA NA NA NA NA NA -0.000251381235000302 -0.00157710820727166 -0.00464336115841741 -0.00181139844787821 0.000782141512489686 -0.00264044409229424 0.000790668404586017 -0.00140477134087951 -0.00170258554742404 -0.00199767290192324 -0.0039744996066983 -0.00336088815092313
"18" NA NA NA NA NA NA NA NA NA NA NA NA 0.00224954725215992 -0.00718496486819362 -0.00429968325719406 -8.0130334950322e-05 -0.00341964196878602 -0.00284588470432316 0.00174476681041032 0.000265700627327684 -0.00439585812739128 -0.00709107184315691 -0.00150472621234139
"19" NA NA NA NA NA NA NA NA NA NA NA NA NA -0.00330387570914191 -0.00526676419932972 -0.000147290935370765 -0.0025687071488834 -0.00092331262106791 -0.000753773900348184 -0.00119957792885408 -0.00572877492803682 9.81993974908757e-05 -0.000481160665520713
"20" NA NA NA NA NA NA NA NA NA NA NA NA NA NA -0.00227693406936239 3.91329592570408e-05 -0.00194152207249025 -0.00301487558407223 -0.00279237498105462 0.000925535475950756 -0.00472511694540454 -0.00190835216354686 -0.000920133766927469
"21" NA NA NA NA NA NA NA NA NA NA NA NA NA NA NA -0.00276290503031104 -0.00568178694439236 -0.00477344750552404 -0.00179498926225574 -0.00164060606435445 -0.00399570300261543 -0.00375624521648308 -0.00296138356002217
"24" NA NA NA NA NA NA NA NA NA NA NA NA NA NA NA NA -0.00609291566137722 -0.00145946359815111 -0.00192360547551285 -0.00310003896865913 -0.00508591807054085 -0.00291400782301342 -0.00551493454539301
"25" NA NA NA NA NA NA NA NA NA NA NA NA NA NA NA NA NA -0.00568248721947252 -0.00244444696335903 -0.00508980914474459 -0.0130158751382266 -0.00547126371205023 -0.0048234663844941
"26" NA NA NA NA NA NA NA NA NA NA NA NA NA NA NA NA NA NA -0.00124925738838886 -0.00291762038354369 -0.00955990761261294 -0.00186345248576362 -0.00430768370013255
"27" NA NA NA NA NA NA NA NA NA NA NA NA NA NA NA NA NA NA NA 0.00325782049208983 -0.00782471734170036 -0.000312721740465247 -0.0042325280638796
"28" NA NA NA NA NA NA NA NA NA NA NA NA NA NA NA NA NA NA NA NA -0.00397409048138216 0.000271405877703294 -0.00432931954449013
"29" NA NA NA NA NA NA NA NA NA NA NA NA NA NA NA NA NA NA NA NA NA -0.00261173094971776 -0.0061292622076591
"30" NA NA NA NA NA NA NA NA NA NA NA NA NA NA NA NA NA NA NA NA NA NA -0.0100173807043837
"31" NA NA NA NA NA NA NA NA NA NA NA NA NA NA NA NA NA NA NA NA NA NA NA
