"35" "36" "37" "38" "39" "40" "41" "42" "43" "44" "45" "46" "47" "48"
"35" NA 0.00476036787078653 -0.00169204585341727 -0.00198262476460564 -0.0056741848164752 -0.00616969275713165 0.00288884804150061 -0.001311610033826 -0.00867155713848827 -0.00462980402424546 -0.00235527040952656 -0.00165197182295206 -0.00526607452131226 0.000648434820033673
"36" NA NA 0.000737228932619449 0.00285652247500087 0.000350901705247974 1.80117516339075e-05 0.004715564321263 -0.00241372186518004 -0.00538330139526302 -0.00250867296094134 0.00103894020853919 -0.016434440361071 0.00295501347686745 0.00103415347216858
"37" NA NA NA -0.000919963571212065 -0.0119376959219496 -0.00360920713135734 0.00182899005530547 -0.00139663607369414 -0.00532820713201088 -0.00277556142556504 -0.00201521596582155 -0.00493155906626929 -0.00324452423233231 -0.00837652332044822
"38" NA NA NA NA -0.00298345254863271 -0.00790923888608306 0.00270628117658291 -0.00390049715402707 -0.00456536581904202 -0.00782174102769322 -0.00221480556439347 -0.00320518405329194 -0.00115209116931743 -0.00323324552069233
"39" NA NA NA NA NA -0.00670490915092776 0.00261981672224984 -0.00143167875469081 -0.00278550840574433 -0.00420586350110108 -0.0214092237935925 -0.00583100337528727 -0.0056726811516281 -0.00283255746581496
"40" NA NA NA NA NA NA 0.000587636215792714 -0.00540823405373934 -0.00358627469615065 -0.00299999619178652 -0.0168467656168235 -0.00798442824223562 -0.00466202840407768 -0.00732983815231412
"41" NA NA NA NA NA NA NA -0.00572094665599035 -0.000422529869774008 -0.00265202696522296 0.00236608255419876 -0.000836569320212256 0.00116620614336714 -0.0015646484239316
"42" NA NA NA NA NA NA NA NA -0.00493480858259559 -0.00751838680656309 0.000975586376607332 -0.00402733438750906 -0.00205407624310107 -0.00567493472859626
"43" NA NA NA NA NA NA NA NA NA -0.0121553135999265 -0.000227177501939338 -0.0109849128337285 -0.00430376476160702 -0.00208124688438948
"44" NA NA NA NA NA NA NA NA NA NA -0.00545900475657478 -0.00505617528548673 -0.00632969359768627 -0.00924187849306623
"45" NA NA NA NA NA NA NA NA NA NA NA -0.00231065609081492 -0.00280694528204105 -0.0069570666268357
"46" NA NA NA NA NA NA NA NA NA NA NA NA -0.00298035325153226 -0.00207723253723649
"47" NA NA NA NA NA NA NA NA NA NA NA NA NA -0.00929178968346741
"48" NA NA NA NA NA NA NA NA NA NA NA NA NA NA
