"3" "4" "6" "7" "8" "10" "11" "13" "15" "16" "17" "18" "19" "20" "21" "24" "25" "26" "27" "28" "29" "30" "31"
"3" NA 0.00256738571585314 -0.00631583230327074 0.0013999909311017 0.00105476729008943 0.000372528334179321 0.00736569886796277 0.00605980575253856 0.0188319072008602 0.00291201343600832 -0.00276251164895992 0.00762450778352325 0.0075435592570701 0.00384870596511819 0.00814726043055522 0.00272639951327416 0.00442471101503645 -0.00159923739922241 0.00371945100028509 0.00387901751997778 0.000386269452987412 0.00177828575342154 0.000284869950398807
"4" NA NA 0.000268880379736143 0.00678899501750027 0.00404376321068131 0.000670978312092367 0.00840935908427454 0.00553557181637624 0.0185058465404475 -0.00147117426942761 0.00370819953650418 -0.000202037556872435 -0.00193492969029481 0.00106298501721899 0.00354943733237293 0.00453658276496034 0.00476464577712004 0.00466668144278785 0.00406960542915275 0.00685813036560116 0.00258456378157225 0.00262528878676666 0.00379537598806775
"6" NA NA NA 0.00486709434901777 0.00682223678654052 0.00484476305601292 0.00655599584073111 0.00616326334987526 0.0162386852323434 0.00616647819514044 0.00199765265684144 0.00663311666822219 0.00478779693638708 0.0044939857763473 0.00508616920890263 0.00470097916744308 0.00585894525739238 0.0027619436792339 0.00575156758334233 0.00776826703969202 0.00327445178927477 0.00540673359800223 0.00195025401690085
"7" NA NA NA NA 0.00245605539259043 0.00580237039025196 0.00939085747724491 0.00673717154177924 0.0174433513674535 0.00790202027617831 0.003627263726937 0.00841120171200352 0.00503663118619858 0.0017937576526029 0.00523410727776642 0.000855820398181474 0.0045030573491448 0.00530704181785962 0.00703681335661754 0.00896880430500021 0.0029908170805414 0.00718892922656268 0.00213118201240113
"8" NA NA NA NA NA 0.00641536245664524 0.00775567358658138 0.00537133881056926 0.0150437676253894 0.00810952367820221 0.00960428717242361 0.00744761069092644 0.0088430292349116 0.00467531696935938 0.00748995266502642 0.00495066784286775 0.00469778453002171 0.00337061504375613 0.000968767435869143 0.0111810665983288 0.00105285425110284 0.00603670480895088 0.00328717443948967
"10" NA NA NA NA NA NA 0.00521104344484991 0.00418638167706013 0.0212589331771018 0.0059782070110703 0.004455543612155 0.0108125697334108 -0.00216737369309936 0.00539109406542441 0.00595299389934499 0.00683879557252548 0.00714853562503885 0.00271144814279431 0.00395326550416228 0.00841828582429389 0.00263369118475468 0.00459172674281106 0.0033090930918706
"11" NA NA NA NA NA NA NA 0.0114902095524019 0.0197750206745908 0.0138603281783285 0.00527063909652655 0.0114388617092438 0.00802079575219491 0.0104442938128298 0.00414842910285476 0.00557944861500037 0.00578236906533108 0.010907780133992 0.000891310585511235 0.0155070370080273 0.00746341267862247 0.00171211253978512 0.00318100952430277
"13" NA NA NA NA NA NA NA NA 0.0198544991425486 0.00644636256542332 0.00573839698597641 0.00815616736192777 0.00948807131207023 0.00983145015468216 0.00449266452262034 0.00428825839711431 -0.00105901521500731 0.00740485403013768 0.00841446616246619 0.0139458107585625 0.00657953955158133 0.00264740411180251 -0.000240223779438373
"15" NA NA NA NA NA NA NA NA NA 0.0201408959346736 0.0178997200654365 0.0124925868443173 0.0198625173778902 0.0174849987651635 0.0153924522987242 0.0189747562069492 0.012282301383858 0.00935407922233499 0.0190256219975975 0.0216728967240868 0.0172460714161972 0.0173197624120772 0.0180208901539113
"16" NA NA NA NA NA NA NA NA NA NA 0.00595104787202845 0.00845407313756669 0.00495527854730273 0.00342590310627536 0.00464962488830168 0.00455960046891083 0.00525184385424267 0.00717799594836836 0.00837272224061358 0.00754365415528645 -0.00191507166508795 0.0043853219421599 0.0046784567563882
"17" NA NA NA NA NA NA NA NA NA NA NA 0.00716691400668599 0.00521969784337756 0.000407400051244839 0.00676762112841675 0.00809297844452741 0.00640142708387254 0.00702179530439804 0.00378246265154905 0.0050055690467897 0.00679986240001518 0.00347595478118248 0.00529643090884549
"18" NA NA NA NA NA NA NA NA NA NA NA NA 0.0134327559007208 0.00101585733614441 0.00776082405540214 0.00798836007084195 0.00742176002549663 0.0079069493419769 0.0106105135028732 0.0118262086639271 0.00653611945876095 0.00127797801282811 0.00658392388824443
"19" NA NA NA NA NA NA NA NA NA NA NA NA NA 0.00401282403298402 0.00373284713948358 0.00633656699931914 0.00809457319412203 0.00832483346746667 0.00735714299146598 0.00793748104061473 0.0030370251863389 0.0093966879042005 0.0080430776000826
"20" NA NA NA NA NA NA NA NA NA NA NA NA NA NA 0.00539401782742836 0.00638714910799487 0.00645258933386869 0.00761361272957929 0.00530153282957875 0.0124860076249272 0.00594547101192771 0.00542412928464319 0.00604710261172654
"21" NA NA NA NA NA NA NA NA NA NA NA NA NA NA NA 0.00586294014617665 0.00518548831083594 0.00394070552342691 0.00637005980575464 0.00758312463780025 0.0058404512025419 0.00507368203690255 0.00633899433614555
"24" NA NA NA NA NA NA NA NA NA NA NA NA NA NA NA NA 0.00162240999904057 0.00559646318061194 0.00331929632229174 0.00365608162211303 0.00163158880713215 0.00440884242044271 0.00316306647999862
"25" NA NA NA NA NA NA NA NA NA NA NA NA NA NA NA NA NA 0.00403567254919042 0.00571110817017598 0.00327196047395001 -0.00436918874734208 0.00348797860088488 0.0055923469983148
"26" NA NA NA NA NA NA NA NA NA NA NA NA NA NA NA NA NA NA 0.00890652848148041 0.0122690040782924 0.00246043391366618 0.00563513789936409 0.00171342984361725
"27" NA NA NA NA NA NA NA NA NA NA NA NA NA NA NA NA NA NA NA 0.0150447039676085 0.00165036108777573 0.00587256181913161 0.00160278550606528
"28" NA NA NA NA NA NA NA NA NA NA NA NA NA NA NA NA NA NA NA NA 0.0105488372636466 0.00753888998199307 0.00234012453578228
"29" NA NA NA NA NA NA NA NA NA NA NA NA NA NA NA NA NA NA NA NA NA 0.00530313793008387 0.00165555673180645
"30" NA NA NA NA NA NA NA NA NA NA NA NA NA NA NA NA NA NA NA NA NA NA -0.00138969374024932
"31" NA NA NA NA NA NA NA NA NA NA NA NA NA NA NA NA NA NA NA NA NA NA NA
