"35" "36" "37" "38" "39" "40" "41" "42" "43" "44" "45" "46" "47" "48"
"35" NA 0.0137827974384584 0.00458328944313287 0.00445567548083432 0.00128553020763395 0.00120479320200872 0.010754322487722 0.00541496332207451 -0.00161334709048899 0.0018602512522455 0.00626879227855735 0.00729044085336604 0.00139556094931448 0.00677628700313937
"36" NA NA 0.0109767933583108 0.0121739465690033 0.0109289013418021 0.0102676773071305 0.0145508249241149 0.00483084470638894 0.00383127932764802 0.00477096880735444 0.0128659600989651 -0.00606353582279332 0.0142186671444376 0.0084489940331716
"37" NA NA NA 0.00615418757194072 -0.0055260393000692 0.00531316572368459 0.0112887510925179 0.00695409872491168 0.000900741818255966 0.00577167268559064 0.00625181256998164 0.00298547284372546 0.00373514753135291 -0.00327307602149701
"38" NA NA NA NA 0.00506031285049554 0.000341773728576283 0.0117031895422451 0.00314842534578403 0.00408127807596991 -0.000523501861898702 0.0063608708267538 0.00507575048791371 0.00853274162467264 0.00511756031357964
"39" NA NA NA NA NA 0.00162811149758381 0.0117959802078721 0.00587918177776161 0.00596133938940313 0.0023978630689942 -0.0134118878645444 0.00384178615776053 0.00188443013126983 0.00400428261585548
"40" NA NA NA NA NA NA 0.00839525191872279 0.00220183433139415 0.00554643568329418 0.00469077722000174 -0.00897842239987114 0.00149414163064775 0.0039755400274797 -0.000478211996326823
"41" NA NA NA NA NA NA NA 0.00173823962942723 0.00816458446172555 0.00669019293589829 0.0117854028293762 0.00811511194860875 0.0126768839398216 0.00541662432259583
"42" NA NA NA NA NA NA NA NA 0.00289649164936111 -0.000894332331974807 0.0105122317259494 0.00436779920442464 0.00683020261223607 0.0012503334377286
"43" NA NA NA NA NA NA NA NA NA -0.00524438820449428 0.0105777336101995 -0.00299595639493555 0.0044822361368647 0.00511719214535241
"44" NA NA NA NA NA NA NA NA NA NA 0.00184392618005019 0.00164123500404871 0.00390041438980801 -0.00133616747260937
"45" NA NA NA NA NA NA NA NA NA NA NA 0.00870871750382199 0.00540291231335389 -0.000811727101770743
"46" NA NA NA NA NA NA NA NA NA NA NA NA 0.00488214442610188 0.00567369322891277
"47" NA NA NA NA NA NA NA NA NA NA NA NA NA 0.000392904595877777
"48" NA NA NA NA NA NA NA NA NA NA NA NA NA NA
