"35" "36" "37" "38" "39" "40" "41" "42" "43" "44" "45" "46" "47" "48"
"35" NA 0.00920496305092221 0.00135546136413442 0.00117197993426942 0 0 0.00673003369058322 0.00194471238105105 0 0 0.00194549684430507 0.00279305732947268 0 0.00363673504808196
"36" 0.00920496305092221 NA 0.00574961371906303 0.00740450754943678 0.00553171545806758 0.0050669748315173 0.00950187135319326 0.00115196079363363 0 0.0010532253750565 0.00692115812970003 0 0.00828276971891961 0.00469443660665777
"37" 0.00135546136413442 0.00574961371906303 NA 0.00255712926890121 0 0.00071808396218236 0.00640847141506307 0.00258384484353386 0 0.00132708900685405 0.00202791195004222 0 0.000154576606282919 0
"38" 0.00117197993426942 0.00740450754943678 0.00255712926890121 NA 0.000911510635341919 0 0.00710188197587441 0 0 0 0.00201393676978113 0.000894460264278215 0.00347687271166375 0.000852223969985786
"39" 0 0.00553171545806758 0 0.000911510635341919 NA 0 0.00717445424668252 0.00220637921304546 0.00146836903236534 0 0 0 0 0.000505714169037055
"40" 0 0.0050669748315173 0.00071808396218236 0 0 NA 0.00443291990227198 0 0.000916222813939925 0.000778167487098165 0 0 0 0
"41" 0.00673003369058322 0.00950187135319326 0.00640847141506307 0.00710188197587441 0.00717445424668252 0.00443291990227198 NA 0 0.00377746168136897 0.00187024127872904 0.0069901655460099 0.00350263110557546 0.00663592490887696 0.00191655159372996
"42" 0.00194471238105105 0.00115196079363363 0.00258384484353386 0 0.00220637921304546 0 0 NA 0 0 0.0055409939279983 3.43424100175075e-05 0.00215251404983103 0
"43" 0 0 0 0 0.00146836903236534 0.000916222813939925 0.00377746168136897 0 NA 0 0.00507400637075676 0 0 0.00137263980412242
"44" 0 0.0010532253750565 0.00132708900685405 0 0 0.000778167487098165 0.00187024127872904 0 0 NA 0 0 0 0
"45" 0.00194549684430507 0.00692115812970003 0.00202791195004222 0.00201393676978113 0 0 0.0069901655460099 0.0055409939279983 0.00507400637075676 0 NA 0.00306089866921187 0.00121769883457902 0
"46" 0.00279305732947268 0 0 0.000894460264278215 0 0 0.00350263110557546 3.43424100175075e-05 0 0 0.00306089866921187 NA 0.000883572245126226 0.00165857348285832
"47" 0 0.00828276971891961 0.000154576606282919 0.00347687271166375 0 0 0.00663592490887696 0.00215251404983103 0 0 0.00121769883457902 0.000883572245126226 NA 0
"48" 0.00363673504808196 0.00469443660665777 0 0.000852223969985786 0.000505714169037055 0 0.00191655159372996 0 0.00137263980412242 0 0 0.00165857348285832 0 NA
