"3" "4" "6" "7" "8" "10" "11" "13" "15" "16" "17" "18" "19" "20" "21" "24" "25" "26" "27" "28" "29" "30" "31"
"3" NA 0 0 0 0 0 0.00414840605897633 0.00245595655256678 0.013367257584076 0 0 0.00338565838899294 0.00345651413117734 0.000771557480213545 0.00392154904808501 0 0 0 0.000552698398628229 0.000265429054182546 0 0 0
"4" 0 NA 0 0.00184310141534081 0 0 0.0033029246809471 0.000496311953009045 0.012414825412916 0 0 0 0 0 0 0.000831158051435163 5.00449532697094e-05 0 0 0.00191933646234441 0 0 0
"6" 0 0 NA 0.00116118031701655 0.00267393248541538 0.000775340247784798 0.0028276673414358 0.00138027843309893 0.0106954979247021 0.00170548256411691 0 0.00175612418098888 0.000230048936826587 0.000220033045105564 0.000209639388413234 0.00100347471123503 0.000659288362219166 0 0.00160787612772014 0.00290023070523412 0 0.0010564755126357 0
"7" 0 0.00184310141534081 0.00116118031701655 NA 0 0.00247330522894717 0.0048682797200305 0.00175077620812379 0.0123371718406071 0.00300331802291848 0.00124905233744308 0.00402777495617572 0.00143265013092266 0 0.00140544315131208 0 0.000530424317754415 0 0.00309114885981618 0.00279892986256212 0 0.00383600880309965 0
"8" 0 0 0.00267393248541538 0 NA 0.00276047511801122 0.00422573809470609 0.00163113942809297 0.00991104833749255 0.00411743993379871 0.00577611732537205 0.00324793630376571 0.00448580037328406 0.00101400271496753 0.00309670615119476 0.00115375696188997 0.000580358164796803 0 0 0.00679492999976407 0 0.00191406407024714 0
"10" 0 0 0.000775340247784798 0.00247330522894717 0.00276047511801122 NA 0.00147791783567278 0.000167538904288 0.0157137717595044 0.00172038033559344 0.00106168470844597 0.0055991972724474 0 0.00180085977223576 0.00154355148473053 0.00343052655654727 0.00312590487942398 0 0.000715125645466898 0.00381453665201426 0 0.00095677770223848 0
"11" 0.00414840605897633 0.0033029246809471 0.0028276673414358 0.0048682797200305 0.00422573809470609 0.00147791783567278 NA 0.0066147680595316 0.014775816361585 0.0088788940386752 0.00258754573834789 0.0067800493033607 0.00389570989309571 0.00561924364045951 0.000336754133037711 0.00256241474762756 0.00184925452436041 0.00539797204806379 0 0.00944908256964122 0.00254172958305157 0 0.000258416250852347
"13" 0.00245595655256678 0.000496311953009045 0.00138027843309893 0.00175077620812379 0.00163113942809297 0.000167538904288 0.0066147680595316 NA 0.0138125968085162 0.00186782913770755 0.00228646497147642 0.00359123433390963 0.00481028933254281 0.00483978579366269 0 0.00055702768813704 0 0.00214567266363751 0.00395511274593786 0.00769416758526432 0.0010554941995002 0 0
"15" 0.013367257584076 0.012414825412916 0.0106954979247021 0.0123371718406071 0.00991104833749255 0.0157137717595044 0.014775816361585 0.0138125968085162 NA 0.0145562242108763 0.0125029739694245 0.00701449479620429 0.0142964679830816 0.0119354843150675 0.00956533693094348 0.0140462918705482 0.00693060323948956 0.00441709256155892 0.0138607089252022 0.0157541633444126 0.0112253732644585 0.0122602012951342 0.0119948939555072
"16" 0 0 0.00170548256411691 0.00300331802291848 0.00411743993379871 0.00172038033559344 0.0088788940386752 0.00186782913770755 0.0145562242108763 NA 0.00248795587260511 0.00361680830930707 0.000979216458113889 0 0.000488349554341888 0.00165490843936601 0.000751312697366684 0.00132808672363651 0.00412305580925073 0.00147093569987579 0 0.00117175979966802 0.00109283879129135
"17" 0 0 0 0.00124905233744308 0.00577611732537205 0.00106168470844597 0.00258754573834789 0.00228646497147642 0.0125029739694245 0.00248795587260511 NA 0.00333768029934726 0.00167520463900469 0 0.00241860495704306 0.00437117877859816 0.00167140908487366 0.00381234551241874 0.00113730541285626 0.00153315428950023 0.00225839621987891 0 0.00086647980190121
"18" 0.00338565838899294 0 0.00175612418098888 0.00402777495617572 0.00324793630376571 0.0055991972724474 0.0067800493033607 0.00359123433390963 0.00701449479620429 0.00361680830930707 0.00333768029934726 NA 0.00767278155292218 0 0.00148286486328567 0.00381128388071086 0.00168372172931248 0.00232261078504037 0.00601668917361206 0.00592192833582198 0.00100439699791475 0 0.00240910009394027
"19" 0.00345651413117734 0 0.000230048936826587 0.00143265013092266 0.00448580037328406 0 0.00389570989309571 0.00481028933254281 0.0142964679830816 0.000979216458113889 0.00167520463900469 0.00767278155292218 NA 0.000245198258789172 0 0.00309689010326811 0.00262067623528209 0.00351125193527577 0.00317216273138 0.00327914763685309 0 0.00448358679027578 0.0035500335789436
"20" 0.000771557480213545 0 0.000220033045105564 0 0.00101400271496753 0.00180085977223576 0.00561924364045951 0.00483978579366269 0.0119354843150675 0 0 0 0.000245198258789172 NA 0.00156577883490984 0.00312950152452846 0.00211982809526028 0.0020308465992159 0.00115241569595138 0.00655800676234961 0.000343011889390963 0.0015944368763167 0.00243446838682779
"21" 0.00392154904808501 0 0.000209639388413234 0.00140544315131208 0.00309670615119476 0.00154355148473053 0.000336754133037711 0 0.00956533693094348 0.000488349554341888 0.00241860495704306 0.00148286486328567 0 0.00156577883490984 NA 0.00152564787110289 0 0 0.0022025621240395 0.00283635362438771 0.000842725962727321 0.000531077142952617 0.00162291891138413
"24" 0 0.000831158051435163 0.00100347471123503 0 0.00115375696188997 0.00343052655654727 0.00256241474762756 0.00055702768813704 0.0140462918705482 0.00165490843936601 0.00437117877859816 0.00381128388071086 0.00309689010326811 0.00312950152452846 0.00152564787110289 NA 0 0.00191676521144161 0.000674302308931609 0.000234240517091405 0 0.000670592912855392 0
"25" 0 5.00449532697094e-05 0.000659288362219166 0.000530424317754415 0.000580358164796803 0.00312590487942398 0.00184925452436041 0 0.00693060323948956 0.000751312697366684 0.00167140908487366 0.00168372172931248 0.00262067623528209 0.00211982809526028 0 0 NA 0 0.00147993041136499 0 0 0 0.000160642303126182
"26" 0 0 0 0 0 0 0.00539797204806379 0.00214567266363751 0.00441709256155892 0.00132808672363651 0.00381234551241874 0.00232261078504037 0.00351125193527577 0.0020308465992159 0 0.00191676521144161 0 NA 0.00371091914431946 0.00441669038819739 0 0.00162445386960895 0
"27" 0.000552698398628229 0 0.00160787612772014 0.00309114885981618 0 0.000715125645466898 0 0.00395511274593786 0.0138607089252022 0.00412305580925073 0.00113730541285626 0.00601668917361206 0.00317216273138 0.00115241569595138 0.0022025621240395 0.000674302308931609 0.00147993041136499 0.00371091914431946 NA 0.00898074897769444 0 0.0026720561584239 0
"28" 0.000265429054182546 0.00191933646234441 0.00290023070523412 0.00279892986256212 0.00679492999976407 0.00381453665201426 0.00944908256964122 0.00769416758526432 0.0157541633444126 0.00147093569987579 0.00153315428950023 0.00592192833582198 0.00327914763685309 0.00655800676234961 0.00283635362438771 0.000234240517091405 0 0.00441669038819739 0.00898074897769444 NA 0.00277325731503975 0.00376711658427265 0
"29" 0 0 0 0 0 0 0.00254172958305157 0.0010554941995002 0.0112253732644585 0 0.00225839621987891 0.00100439699791475 0 0.000343011889390963 0.000842725962727321 0 0 0 0 0.00277325731503975 NA 0.00120259613656777 0
"30" 0 0 0.0010564755126357 0.00383600880309965 0.00191406407024714 0.00095677770223848 0 0 0.0122602012951342 0.00117175979966802 0 0 0.00448358679027578 0.0015944368763167 0.000531077142952617 0.000670592912855392 0 0.00162445386960895 0.0026720561584239 0.00376711658427265 0.00120259613656777 NA 0
"31" 0 0 0 0 0 0 0.000258416250852347 0 0.0119948939555072 0.00109283879129135 0.00086647980190121 0.00240910009394027 0.0035500335789436 0.00243446838682779 0.00162291891138413 0 0.000160642303126182 0 0 0 0 0 NA
